102632
102699
102730
102756
102846
102898
102958
102990
103002
103033
103077
103344
103357
103358
103362
103364
103365
103366
103388
103426
103486
103590
103595
103599
103603
103607
103627
103655
103665
103668
103671
103684
103724
103846
103848
103851
103858
103894
103895
103901
103946
103963
103972
104007
104054
104119
104122
104128
104143
104169
104171
104248
104296
104347
104379
104407
104410
104445
104457
104469
104525
104596
104599
104601
104606
104614
104618
104629
104635
104680
104727
104736
104738
104785
104788
104805
104806
104841
104872
104947
104950
104954
104960
104977
105076
105128
105167
105200
105278
105437
105491
105567
105651
105715
105767
105775
105828
105838
105921
106457
106469
106545
106591
106594
106656
106685
106704
106707
106711
106712
106714
107192
107221
107251
107267
107280
107380
107382
107383
107454
107639
107642
108304
108309
108557
108589
108983
109023
109100
109116
109130
109139
109146
109193
109203
109220
109240
109247
109251
109280
109282
109353
109356
109361
109385
109594
109662
109671
109967
110008
110128
110236
110238
110258
110266
110267
110298
110391
110398
110399
110404
110457
110504
110505
110517
110557
110796
110799
110809
110857
110972
110974
111032
111037
111068
111071
111091
111097
111109
111114
111123
111168
111178
111241
111244
112256
112261
112312
112376
112386
112461
112462
112484
112623
112643
112675
112682
112696
112724
112733
112773
112774
112917
113021
113035
113497
113560
113624
113640
114172
114174
114189
114225
114278
114291
114320
114373
114485
114490
114515
114545
114749
115171
115195
115504
115566
115813
115845
115847
115971
116006
116035
116062
116077
116135
116316
116853
116880
116938
116958
116972
116983
116999
117022
117038
117039
117283
117413
117921
117951
117982
118010
118247
125539
125623
125671
125697
125722
125782
128041
128091
128111
128140
128366
128367
128400
128438
128683
128685
129328
129336
129355
129413
129464
129510
129527
129533
129585
129622
129663
129688
129698
129700
129720
129798
129829
129835
129846
129853
129884
129914
129922
129935
129970
130031
130074
130076
130082
130090
130091
130151
130348
130379
130398
130521
130526
130707
131209
131583
131695
133864
134119
134811
135207
135581
136116
136513
136724
136730
136820
136843
